50 4b 03 04 14 00 08 00 08 00 d7 9c 55 4e 00 00 
00 00 00 00 00 00 00 00 00 00 0c 00 10 00 70 61 
73 73 77 6f 72 64 2e 74 78 74 55 58 0c 00 db 44 
6f 5c 95 44 6f 5c f5 01 14 00 f3 08 71 aa 36 32 
77 cc 72 73 c9 2e cc 34 2c f7 aa e5 02 00 50 4b 
07 c8 4d 08 fe 3e 14 00 00 00 12 00 00 00 50 4b 
01 02 15 03 14 00 08 00 08 00 d7 9c 55 4e 4d c8 
fe 3e 14 00 00 00 12 00 00 00 0c 00 0c 00 00 00 
00 00 00 00 00 40 a4 81 00 00 00 00 70 61 73 73 
77 6f 72 64 2e 74 78 74 55 58 08 00 db 44 6f 5c 
95 44 6f 5c 50 4b 05 06 00 00 00 00 01 00 01 00 
46 00 00 00 5e 00 00 00 00 00 
